6895: (0.2979264259338379, 0.8999999761581421, 0.9010416865348816, 0.9010416865348816, 0.9010416269302368, 0.8166786484543493)
7948: (0.2936381995677948, 0.8916666507720947, 0.8932291865348816, 0.8932291865348816, 0.8932291269302368, 0.8138030194104959)
9709: (0.4678906202316284, 0.8916666507720947, 0.8932291865348816, 0.8932291865348816, 0.8932291269302368, 0.691588785046729)
4204: (0.301474928855896, 0.8916666507720947, 0.8932291865348816, 0.8932291865348816, 0.8932291269302368, 0.7728253055355858)
5405: (0.3288869261741638, 0.8916666507720947, 0.8932291865348816, 0.8932291865348816, 0.8932291269302368, 0.7246585190510424)
926: (0.31829991936683655, 0.8999999761581421, 0.9010416865348816, 0.9010416865348816, 0.9010416269302368, 0.728253055355859)

9099: (0.5814169049263, 0.8916666507720947, 0.8932291865348816, 0.8932291865348816, 0.8932291269302368, 0.6117900790797988)
4654: (0.34945666790008545, 0.8999999761581421, 0.9036458134651184, 0.9036458134651184, 0.9036457538604736, 0.6261682242990654)
4107: (0.3386411964893341, 0.8916666507720947, 0.8932291865348816, 0.8932291865348816, 0.8932291269302368, 0.6362329259525521)
4559: (0.3478940427303314, 0.8916666507720947, 0.8932291865348816, 0.8932291865348816, 0.8932291269302368, 0.6074766355140186)
5950: (0.3515075147151947, 0.8916666507720947, 0.8932291865348816, 0.8932291865348816, 0.8932291269302368, 0.6146657081236521)
4976: (0.6204264163970947, 0.8916666507720947, 0.8932291865348816, 0.8932291865348816, 0.8932291269302368, 0.5801581595974119)
1798: (0.37818068265914917, 0.8999999761581421, 0.9036458134651184, 0.9036458134651184, 0.9036457538604736, 0.6484543493889288)
4207: (0.3450537621974945, 0.8916666507720947, 0.8932291865348816, 0.8932291865348816, 0.8932291269302368, 0.621135873472322)
2814: (0.35303056240081787, 0.8916666507720947, 0.8932291865348816, 0.8932291865348816, 0.8932291269302368, 0.6261682242990654)
7422: (0.6150868535041809, 0.8916666507720947, 0.8932291865348816, 0.8932291865348816, 0.8932291269302368, 0.5664989216391085)
1129: (0.3416329324245453, 0.8916666507720947, 0.8932291865348816, 0.8932291865348816, 0.8932291269302368, 0.6448598130841121)
6609: (0.595343828201294, 0.8916666507720947, 0.8932291865348816, 0.8932291865348816, 0.8932291269302368, 0.5607476635514019)
9457: (0.33994001150131226, 0.8916666507720947, 0.8932291865348816, 0.8932291865348816, 0.8932291269302368, 0.6355140186915889)
2329: (0.34177398681640625, 0.8916666507720947, 0.8932291865348816, 0.8932291865348816, 0.8932291269302368, 0.6441409058231489)
5320: (0.5019339919090271, 0.8916666507720947, 0.8932291865348816, 0.8932291865348816, 0.8932291269302368, 0.6153846153846154)

N = 5; T = 3
3225: (0.4912082850933075, 0.8916666507720947, 0.8932291865348816, 0.8932291865348816, 0.8932291269302368, 0.5406182602444285)

N = 10; T = 2
4273(47): (0.3450479507446289, 0.8916666507720947, 0.8932291865348816, 0.8932291865348816, 0.8932291269302368, 0.6254493170381021)

N = 10: T = 3
8177(100): (0.3391147553920746, 0.8999999761581421, 0.9036458134651184, 0.9036458134651184, 0.9036457538604736, 0.659237958303379)
9408(156): (0.36672961711883545, 0.8833333253860474, 0.8880208134651184, 0.8880208134651184, 0.8880207538604736, 0.6779295470884256)
2779(133): (0.3458418846130371, 0.8999999761581421, 0.9036458134651184, 0.9036458134651184, 0.9036457538604736, 0.6578001437814522)
53(81): (0.3497706651687622, 0.8999999761581421, 0.9010416865348816, 0.9010416865348816, 0.9010416269302368, 0.6340762041696621)

N = 10; T = 2
9696(112): (0.3401613235473633, 0.8916666507720947, 0.8932291865348816, 0.8932291865348816, 0.8932291269302368, 0.6218547807332854)
4372(82): (0.3376474380493164, 0.8916666507720947, 0.8932291865348816, 0.8932291865348816, 0.8932291269302368, 0.6412652767792955)
7221(79): (0.3364071547985077, 0.8916666507720947, 0.8932291865348816, 0.8932291865348816, 0.8932291269302368, 0.6427030913012222)
896(67): (0.33884039521217346, 0.8999999761581421, 0.9010416865348816, 0.9010416865348816, 0.9010416269302368, 0.6470165348670022)
5019(123): (0.33614102005958557, 0.8916666507720947, 0.8932291865348816, 0.8932291865348816, 0.8932291269302368, 0.6506110711718188)
6023(161): (0.3364420235157013, 0.8916666507720947, 0.8932291865348816, 0.8932291865348816, 0.8932291269302368, 0.6736161035226456)
3988(67): (0.3382371962070465, 0.8916666507720947, 0.8932291865348816, 0.8932291865348816, 0.8932291269302368, 0.6312005751258087)
4821(93): (0.3408791720867157, 0.8916666507720947, 0.8932291865348816, 0.8932291865348816, 0.8932291269302368, 0.6613946800862689)

N = 5; T = 4
4954(63): (0.34191128611564636, 0.8916666507720947, 0.8932291865348816, 0.8932291865348816, 0.8932291269302368, 0.6621135873472321)
8778(85): (0.3337463140487671, 0.8999999761581421, 0.9010416865348816, 0.9010416865348816, 0.9010416269302368, 0.6542056074766356)
5937(58): (0.33975401520729065, 0.8916666507720947, 0.8932291865348816, 0.8932291865348816, 0.8932291269302368, 0.6412652767792955)
6540(67): (0.3382152318954468, 0.8916666507720947, 0.8932291865348816, 0.8932291865348816, 0.8932291269302368, 0.6376707404744788)
6351(70): (0.3420350253582001, 0.8916666507720947, 0.8932291865348816, 0.8932291865348816, 0.8932291269302368, 0.6340762041696621)

N = 1; T = 10
0(55): (0.33845949172973633, 0.8916666507720947, 0.8932291865348816, 0.8932291865348816, 0.8932291269302368, 0.6570812365204888)
1(53): (0.3423263132572174, 0.8999999761581421, 0.9010416865348816, 0.9010416865348816, 0.9010416269302368, 0.6333572969086987)
42(25): (0.344935804605484, 0.8916666507720947, 0.8932291865348816, 0.8932291865348816, 0.8932291269302368, 0.6261682242990654)
1234(36): (0.34591105580329895, 0.8916666507720947, 0.8932291865348816, 0.8932291865348816, 0.8932291269302368, 0.6276060388209921)
10(19): (0.33832040429115295, 0.8999999761581421, 0.9036458134651184, 0.9036458134651184, 0.9036457538604736, 0.6542056074766356)

N = 10; T = 3
loss
0(87): (0.3393911123275757, 0.8916666507720947, 0.8932291865348816, 0.8932291865348816, 0.8932291269302368, 0.6585190510424155)
1(122): (0.33272886276245117, 0.8999999761581421, 0.9010416865348816, 0.9010416865348816, 0.9010416269302368, 0.6563623292595255)
42(113): (0.3404808044433594, 0.8916666507720947, 0.8932291865348816, 0.8932291865348816, 0.8932291269302368, 0.6412652767792955)
1234(121): (0.3438816964626312, 0.8916666507720947, 0.8932291865348816, 0.8932291865348816, 0.8932291269302368, 0.6477354421279655)
10(95): (0.3414853513240814, 0.8916666507720947, 0.8932291865348816, 0.8932291865348816, 0.8932291269302368, 0.6347951114306254)
123(93): (0.33220359683036804, 0.8916666507720947, 0.8958333134651184, 0.8958333134651184, 0.8958332538604736, 0.6707404744787921)
2(113): (0.3357125222682953, 0.8916666507720947, 0.8932291865348816, 0.8932291865348816, 0.8932291269302368, 0.6448598130841121)

accuracy
0(105): (0.3579498529434204, 0.8999999761581421, 0.9010416865348816, 0.9010416865348816, 0.9010416269302368, 0.6513299784327822)
1(151): (0.3477128744125366, 0.8999999761581421, 0.9036458134651184, 0.9036458134651184, 0.9036457538604736, 0.6700215672178289)
42(135): (0.36518678069114685, 0.8999999761581421, 0.9036458134651184, 0.9036458134651184, 0.9036457538604736, 0.6786484543493889)
1234(123): (0.349602073431015, 0.9083333611488342, 0.9114583134651184, 0.9114583134651184, 0.9114582538604736, 0.6700215672178289)
10(86): (0.35469645261764526, 0.8999999761581421, 0.9036458134651184, 0.9036458134651184, 0.9036457538604736, 0.6642703091301223)
123(158): (0.34298795461654663, 0.8999999761581421, 0.9036458134651184, 0.9036458134651184, 0.9036457538604736, 0.6419841840402588)
2(126): (0.35554274916648865, 0.9083333611488342, 0.9114583134651184, 0.9114583134651184, 0.9114582538604736, 0.6448598130841121)
5(111): (0.3338344991207123, 0.8999999761581421, 0.9036458134651184, 0.9036458134651184, 0.9036457538604736, 0.6700215672178289)

precision/recall/f1
0(118): (0.3651157021522522, 0.8999999761581421, 0.9036458134651184, 0.9036458134651184, 0.9036457538604736, 0.6448598130841121)
1(176): (0.3477128744125366, 0.8999999761581421, 0.9036458134651184, 0.9036458134651184, 0.9036457538604736, 0.6700215672178289)
42(208): (0.36518678069114685, 0.8999999761581421, 0.9036458134651184, 0.9036458134651184, 0.9036457538604736, 0.6786484543493889)
1234(159): (0.349602073431015, 0.9083333611488342, 0.9114583134651184, 0.9114583134651184, 0.9114582538604736, 0.6700215672178289)
10(85): (0.35469645261764526, 0.8999999761581421, 0.9036458134651184, 0.9036458134651184, 0.9036457538604736, 0.6642703091301223)
123(115): (0.34298795461654663, 0.8999999761581421, 0.9036458134651184, 0.9036458134651184, 0.9036457538604736, 0.6419841840402588)
2(129): (0.35554274916648865, 0.9083333611488342, 0.9114583134651184, 0.9114583134651184, 0.9114582538604736, 0.6448598130841121)
5(120): (0.3338344991207123, 0.8999999761581421, 0.9036458134651184, 0.9036458134651184, 0.9036457538604736, 0.6700215672178289)

auc
0(207): (0.3576355278491974, 0.8833333253860474, 0.8880208134651184, 0.8880208134651184, 0.8880207538604736, 0.6693026599568657)
1(161): (0.3522515594959259, 0.875, 0.8776041865348816, 0.8776041865348816, 0.8776041269302368, 0.6944644140905822)
42(138): (0.33261722326278687, 0.8999999761581421, 0.9036458134651184, 0.9036458134651184, 0.9036457538604736, 0.7081236520488856)
1234(121): (0.35896626114845276, 0.9083333611488342, 0.9114583134651184, 0.9114583134651184, 0.9114582538604736, 0.6714593817397556)
10(143): (0.33918991684913635, 0.8916666507720947, 0.8958333134651184, 0.8958333134651184, 0.8958332538604736, 0.7016534867002157)
123(123): (0.4030582308769226, 0.7916666865348816, 0.7916666865348816, 0.7916666865348816, 0.7916666269302368, 0.6872753414809489)
2(137): (0.3535904884338379, 0.8833333253860474, 0.8854166865348816, 0.8854166865348816, 0.8854166269302368, 0.6879942487419123)
